100
999999 27 17 23 17 25 14 2 13 16 29 13 22 9 17 25 26 30 5 2 4 12 23 21 17 24 6 25 22 20 19 15 10 21 20 1 22 17 8 27 21 20 2 17 20 25 13 24 5 9 30 19 28 30 11 25 3 17 15 28 1 9 29 29 21 9 1 14 21 27 20 27 8 1 11 27 26 20 3 7 12 4 2 23 23 18 11 6 26 26 1 14 12 24 11 13 12 15 25 23 
27 999999 18 28 7 29 12 30 5 28 8 18 17 1 30 19 9 15 17 17 1 13 5 5 14 20 26 25 4 19 15 21 30 22 6 6 28 22 12 26 23 28 4 9 29 20 14 1 1 24 10 14 16 11 26 30 7 2 13 7 4 14 7 5 11 14 16 1 23 26 4 6 8 28 21 30 19 30 30 12 28 8 6 3 14 1 14 24 28 14 18 18 27 1 10 25 25 8 18 13 
17 18 999999 13 25 30 26 18 18 12 30 5 13 28 28 26 15 10 25 8 22 3 25 28 28 11 7 17 9 23 21 13 3 23 11 23 18 10 23 12 5 16 10 23 27 30 22 25 30 10 18 28 9 5 23 2 8 29 22 28 29 23 27 29 11 4 19 12 6 10 13 5 6 4 29 23 15 17 14 28 23 7 21 12 30 12 3 23 27 24 3 9 6 29 26 6 21 4 30 16 
23 28 13 999999 13 10 5 13 22 7 24 4 29 8 27 27 24 21 20 4 13 9 19 20 2 26 15 20 16 3 17 7 6 13 27 2 6 26 13 28 26 3 19 29 26 25 23 30 28 23 25 24 28 25 17 2 21 24 9 21 9 5 4 17 4 4 24 14 18 2 5 3 6 13 30 21 29 24 20 30 22 16 19 27 7 9 26 30 18 4 28 29 14 3 15 22 15 17 30 10 
17 7 25 13 999999 2 6 5 21 20 25 2 8 14 20 13 29 19 9 6 6 24 13 26 2 16 6 28 12 14 2 5 26 12 22 16 30 20 7 30 4 30 10 4 13 1 5 24 16 5 11 15 9 28 26 30 23 17 4 2 6 26 4 23 10 28 1 7 8 1 7 5 3 27 14 16 8 2 21 4 30 5 5 1 15 7 26 8 30 15 16 2 5 26 24 4 7 2 26 22 
25 29 30 10 2 999999 3 13 16 2 27 9 27 8 1 25 5 13 5 12 28 18 20 6 18 5 18 24 27 28 21 22 1 28 30 14 2 25 19 22 4 10 11 28 26 12 28 23 28 12 21 18 16 17 27 25 14 13 13 26 24 27 1 30 23 24 16 10 29 28 8 3 2 17 29 7 17 3 9 29 6 27 10 19 27 30 22 24 4 6 20 16 19 7 3 5 2 19 11 12 
14 12 26 5 6 3 999999 18 18 12 7 5 5 5 18 27 9 12 15 6 20 3 11 27 6 17 25 6 13 9 18 30 4 27 26 17 9 2 22 23 28 22 2 16 18 12 12 14 29 3 27 25 17 15 9 12 2 26 19 24 29 2 7 13 1 21 30 16 12 6 15 27 21 30 4 7 24 24 23 7 11 23 29 28 13 2 27 19 4 28 24 17 3 24 3 5 23 13 13 28 
2 30 18 13 5 13 18 999999 19 3 24 18 4 30 17 25 13 9 28 16 17 20 17 4 25 14 17 28 26 19 19 9 4 30 25 17 21 2 24 10 4 8 8 5 12 13 16 18 4 3 6 13 9 28 29 19 20 27 22 15 13 15 19 21 13 10 10 21 5 23 6 5 20 2 22 22 14 5 16 22 21 1 24 24 25 13 28 22 16 21 26 13 30 27 27 23 24 22 9 15 
13 5 18 22 21 16 18 19 999999 12 5 22 11 30 23 24 22 13 19 14 24 29 27 25 6 21 9 11 4 16 27 4 11 2 28 12 25 17 15 5 16 30 20 30 24 20 5 20 29 9 3 23 15 19 21 7 30 1 12 18 19 24 27 24 11 28 16 7 25 3 6 2 28 3 3 26 13 17 15 3 10 10 24 4 10 8 29 19 3 14 19 24 2 22 25 25 23 15 30 23 
16 28 12 7 20 2 12 3 12 999999 10 15 7 14 5 19 24 17 30 10 21 5 29 8 22 9 9 14 30 23 19 18 2 6 5 26 19 20 28 15 25 12 11 19 9 7 15 19 3 30 26 22 1 9 15 12 30 7 9 6 10 16 8 10 1 27 29 2 24 28 18 6 28 4 11 1 2 10 17 7 28 7 24 10 11 6 23 30 28 7 14 22 9 16 13 22 2 21 26 11 
29 8 30 24 25 27 7 24 5 10 999999 19 22 7 19 1 4 16 7 26 11 27 13 1 25 29 15 16 5 16 7 14 19 1 18 15 16 14 30 7 4 1 10 24 28 23 28 2 12 10 23 1 10 28 12 28 19 20 23 30 6 14 28 26 30 12 1 18 25 12 13 25 14 13 4 4 9 14 8 20 15 10 30 22 23 6 5 22 15 27 25 1 7 14 29 28 5 2 7 14 
13 18 5 4 2 9 5 18 22 15 19 999999 9 10 12 23 4 2 26 28 30 12 19 19 24 11 13 22 3 4 13 12 5 4 24 18 30 19 22 8 10 14 16 3 23 9 14 4 23 11 16 28 3 16 10 17 29 22 21 6 24 23 2 12 9 16 9 8 22 29 4 2 12 15 3 5 21 17 12 7 27 6 15 5 12 27 14 25 5 5 28 6 27 20 4 8 3 22 23 29 
22 17 13 29 8 27 5 4 11 7 22 9 999999 21 20 11 29 29 4 15 12 28 6 25 23 26 11 19 3 9 8 3 16 8 6 4 17 9 29 24 25 4 9 3 29 6 19 28 28 27 13 12 15 1 23 24 9 11 9 7 18 1 6 25 29 21 4 11 22 11 10 4 30 24 1 28 19 19 8 22 1 18 14 30 15 19 3 15 6 15 11 23 24 21 8 15 6 17 20 5 
9 1 28 8 14 8 5 30 30 14 7 10 21 999999 16 3 1 10 25 11 23 4 24 3 10 9 12 28 26 26 5 23 14 3 15 28 10 13 17 19 28 11 8 6 24 16 12 3 23 5 19 11 17 3 15 30 22 19 29 16 1 12 13 28 20 18 13 27 10 20 21 19 3 23 21 28 10 5 6 14 2 20 22 7 23 3 12 9 20 16 15 5 26 26 7 17 17 19 4 30 
17 30 28 27 20 1 18 17 23 5 19 12 20 16 999999 8 5 22 28 17 25 28 9 25 29 9 25 5 17 25 10 2 3 4 8 21 26 28 10 14 4 14 17 25 6 3 18 3 21 14 8 27 7 5 30 29 13 22 26 27 11 12 16 30 22 12 8 2 19 1 8 25 29 9 29 29 13 14 20 22 19 23 27 27 21 8 22 8 13 10 8 22 18 6 24 5 6 21 12 23 
25 19 26 27 13 25 27 25 24 19 1 23 11 3 8 999999 7 6 11 27 30 22 5 1 24 3 20 6 16 20 19 30 3 24 5 29 22 28 29 25 17 29 24 3 24 5 12 12 27 12 19 10 15 20 22 17 27 14 2 19 30 21 7 10 12 6 1 21 5 30 24 25 21 29 25 4 29 11 18 5 14 23 24 16 27 5 7 18 12 14 2 15 1 18 3 22 28 11 5 7 
26 9 15 24 29 5 9 13 22 24 4 4 29 1 5 7 999999 15 30 23 4 26 18 13 10 15 8 8 2 20 16 15 18 12 9 3 18 19 4 13 12 11 9 16 11 10 4 15 2 22 2 19 12 26 21 12 29 7 10 15 26 7 19 16 7 5 3 22 3 4 19 5 13 8 18 8 22 3 18 6 20 3 23 1 2 15 7 27 22 20 21 1 20 3 3 14 19 2 30 11 
30 15 10 21 19 13 12 9 13 17 16 2 29 10 22 6 15 999999 11 21 29 12 26 29 6 21 5 14 30 5 20 12 10 9 13 4 22 25 28 23 9 26 11 27 20 14 16 13 4 13 8 30 7 5 16 9 11 7 27 6 6 17 2 1 21 12 11 27 7 13 2 2 26 23 8 18 30 27 12 17 3 28 9 12 8 9 20 8 6 1 25 29 23 9 18 13 26 11 14 2 
5 17 25 20 9 5 15 28 19 30 7 26 4 25 28 11 30 11 999999 4 19 26 26 13 28 17 10 15 10 4 18 14 24 20 26 29 12 30 4 19 4 3 19 16 20 12 11 6 13 6 19 24 7 27 7 2 9 8 19 1 14 14 23 2 18 27 18 8 28 5 11 19 12 14 5 16 13 22 20 9 1 18 2 2 29 11 6 18 13 18 27 21 5 27 19 15 14 10 15 5 
2 17 8 4 6 12 6 16 14 10 26 28 15 11 17 27 23 21 4 999999 22 6 25 4 25 24 28 16 22 14 19 16 20 26 11 6 20 17 17 4 28 1 14 13 4 9 13 11 3 26 27 14 24 1 25 7 4 2 25 4 16 10 3 9 8 16 18 27 26 11 18 3 13 19 18 11 30 8 16 22 9 26 23 18 5 3 27 28 5 14 5 16 16 8 30 10 25 14 24 5 
4 1 22 13 6 28 20 17 24 21 11 30 12 23 25 30 4 29 19 22 999999 1 5 24 3 16 13 11 22 14 8 21 8 20 24 2 13 26 27 3 14 15 2 2 13 18 17 20 12 9 16 20 25 15 8 30 30 18 21 27 25 4 7 13 11 4 22 5 28 13 23 9 12 27 7 5 2 21 18 18 7 24 22 21 21 13 17 18 11 3 25 29 11 30 14 3 2 11 6 5 
12 13 3 9 24 18 3 20 29 5 27 12 28 4 28 22 26 12 26 6 1 999999 29 22 9 30 9 22 8 14 8 22 21 21 16 29 14 12 16 10 8 11 18 17 16 23 23 25 8 13 18 24 1 2 19 10 16 2 9 24 20 24 29 25 8 15 21 4 11 4 27 13 8 17 13 18 28 23 22 17 30 29 22 25 17 4 20 15 28 4 3 1 18 11 12 30 26 27 2 10 
23 5 25 19 13 20 11 17 27 29 13 19 6 24 9 5 18 26 26 25 5 29 999999 25 7 5 19 11 23 15 3 7 3 19 15 18 17 28 13 19 10 17 9 30 22 2 22 4 20 5 17 24 16 13 6 20 6 11 11 13 18 14 3 28 3 26 21 30 29 4 21 18 29 14 9 2 5 22 17 28 14 16 4 12 27 12 8 19 21 7 11 3 7 8 19 1 7 23 18 20 
21 5 28 20 26 6 27 4 25 8 1 19 25 3 25 1 13 29 13 4 24 22 25 999999 18 4 15 11 13 3 1 15 17 4 7 13 29 5 19 15 22 14 13 1 9 14 22 23 19 2 24 7 4 6 17 26 18 12 30 11 24 12 19 21 7 8 16 20 21 26 23 25 12 24 4 26 25 19 16 8 7 4 1 24 4 9 23 27 20 28 6 22 22 17 7 18 2 7 13 5 
17 14 28 2 2 18 6 25 6 22 25 24 23 10 29 24 10 6 28 25 3 9 7 18 999999 15 26 15 9 7 17 24 20 2 23 12 16 19 2 23 24 16 19 28 27 29 16 30 11 7 21 22 8 30 29 30 28 20 25 9 25 4 15 30 20 18 11 17 28 20 26 1 19 2 27 3 13 30 17 27 25 15 9 28 1 16 21 28 10 20 26 7 23 9 6 7 24 4 5 16 
24 20 11 26 16 5 17 14 21 9 29 11 26 9 9 3 15 21 17 24 16 30 5 4 15 999999 21 22 9 26 18 22 5 11 12 29 26 5 25 23 26 2 14 27 6 21 30 9 7 1 21 17 29 18 19 24 22 6 8 17 15 28 23 24 3 27 13 22 1 16 19 9 22 2 24 27 6 10 27 28 12 28 22 18 4 16 19 27 21 1 22 10 5 14 30 20 11 19 8 17 
6 26 7 15 6 18 25 17 9 9 15 13 11 12 25 20 8 5 10 28 13 9 19 15 26 21 999999 4 13 29 28 29 11 15 16 27 1 24 14 6 7 1 22 10 13 9 24 29 13 23 29 7 9 25 25 12 7 5 24 24 12 16 22 27 26 22 17 24 29 12 14 20 17 17 19 17 13 16 10 30 8 18 1 18 27 27 17 3 11 23 12 10 25 30 23 9 20 10 4 11 
25 25 17 20 28 24 6 28 11 14 16 22 19 28 5 6 8 14 15 16 11 22 11 11 15 22 4 999999 24 25 5 26 2 5 18 20 7 17 19 11 9 11 21 24 23 10 18 18 4 27 25 6 22 18 15 5 14 6 1 15 15 20 23 12 7 9 16 28 5 12 11 2 21 15 28 4 24 8 4 5 27 24 13 2 16 3 14 27 20 29 30 15 8 29 27 30 24 30 16 20 
22 4 9 16 12 27 13 26 4 30 5 3 3 26 17 16 2 30 10 22 22 8 23 13 9 9 13 24 999999 23 9 28 20 20 15 16 5 6 4 2 23 21 16 6 16 12 29 17 26 22 20 8 2 10 8 24 27 14 24 13 25 9 26 23 29 6 1 24 27 3 13 21 25 14 10 9 15 1 27 10 9 4 16 8 4 10 3 14 28 5 18 29 21 4 7 20 30 17 20 5 
20 19 23 3 14 28 9 19 16 23 16 4 9 26 25 20 20 5 4 14 14 14 15 3 7 26 29 25 23 999999 2 16 26 22 5 3 26 28 14 8 8 21 24 11 20 13 28 21 20 24 16 7 19 14 1 27 8 29 13 16 21 28 1 8 16 12 6 25 30 29 29 22 10 28 20 28 27 23 3 12 4 3 1 8 26 12 19 5 8 19 20 3 11 12 16 7 8 16 16 7 
19 15 21 17 2 21 18 19 27 19 7 13 8 5 10 19 16 20 18 19 8 8 3 1 17 18 28 5 9 2 999999 3 2 11 11 23 19 3 27 17 1 21 17 11 17 8 17 11 13 7 29 17 1 4 9 27 29 14 9 24 23 13 5 1 10 11 6 22 25 9 22 4 14 2 28 24 24 22 17 22 9 13 30 29 28 2 10 8 20 3 19 27 27 13 27 21 7 29 16 15 
15 21 13 7 5 22 30 9 4 18 14 12 3 23 2 30 15 12 14 16 21 22 7 15 24 22 29 26 28 16 3 999999 19 4 11 12 20 18 19 17 12 24 6 24 23 4 3 14 12 4 27 20 26 8 15 25 3 27 9 15 12 20 8 30 30 5 4 7 20 3 2 10 25 23 10 14 26 3 17 3 11 19 29 27 27 8 17 27 9 16 7 30 1 7 27 21 26 30 11 20 
10 30 3 6 26 1 4 4 11 2 19 5 16 14 3 3 18 10 24 20 8 21 3 17 20 5 11 2 20 26 2 19 999999 26 13 5 19 29 6 22 28 30 11 26 3 11 10 15 2 6 8 19 6 20 14 30 26 29 2 29 15 6 1 26 17 18 3 29 30 27 13 16 23 21 9 19 24 7 3 6 28 5 13 29 24 20 4 2 6 23 27 3 19 5 12 3 16 5 16 14 
21 22 23 13 12 28 27 30 2 6 1 4 8 3 4 24 12 9 20 26 20 21 19 4 2 11 15 5 20 22 11 4 26 999999 4 21 1 29 16 2 29 2 13 1 9 11 14 26 15 2 7 30 19 4 27 10 24 14 25 1 19 28 10 19 27 29 19 26 29 14 20 19 9 4 18 2 8 15 20 26 10 17 24 7 2 10 5 18 25 19 24 4 10 24 30 6 20 29 21 25 
20 6 11 27 22 30 26 25 28 5 18 24 6 15 8 5 9 13 26 11 24 16 15 7 23 12 16 18 15 5 11 11 13 4 999999 25 28 25 2 28 17 3 1 4 29 15 13 16 1 4 18 19 10 30 4 6 18 4 26 14 17 8 15 2 11 1 30 12 17 21 6 15 30 11 19 6 26 8 13 24 22 30 21 24 14 9 13 4 17 2 7 18 4 3 30 4 21 1 13 27 
1 6 23 2 16 14 17 17 12 26 15 18 4 28 21 29 3 4 29 6 2 29 18 13 12 29 27 20 16 3 23 12 5 21 25 999999 2 22 15 16 19 29 12 30 6 10 30 28 30 29 8 24 7 1 12 27 13 23 17 7 8 23 2 10 26 5 15 4 18 23 8 23 8 19 24 3 11 1 29 2 28 4 11 24 11 15 17 20 27 12 15 10 10 30 26 25 10 21 27 18 
22 28 18 6 30 2 9 21 25 19 16 30 17 10 26 22 18 22 12 20 13 14 17 29 16 26 1 7 5 26 19 20 19 1 28 2 999999 10 30 4 11 28 9 7 15 18 4 17 21 4 13 1 23 5 11 16 28 15 23 28 29 16 22 16 5 30 29 14 29 5 29 21 4 6 11 12 30 9 19 29 13 18 7 14 19 30 3 26 12 20 5 2 7 24 13 26 27 1 12 21 
17 22 10 26 20 25 2 2 17 20 14 19 9 13 28 28 19 25 30 17 26 12 28 5 19 5 24 17 6 28 3 18 29 29 25 22 10 999999 4 24 21 3 25 14 10 15 2 24 25 13 19 3 13 2 26 16 21 25 9 19 30 12 2 21 4 4 12 20 19 3 8 27 10 23 28 1 28 27 9 7 17 27 11 18 21 3 14 2 14 12 27 7 1 7 19 29 12 14 6 23 
8 12 23 13 7 19 22 24 15 28 30 22 29 17 10 29 4 28 4 17 27 16 13 19 2 25 14 19 4 14 27 19 6 16 2 15 30 4 999999 18 3 7 21 9 24 24 25 11 17 2 5 25 9 16 24 5 14 10 25 5 23 6 23 19 14 18 13 21 5 7 6 12 20 11 14 5 29 12 13 16 29 5 29 24 24 19 28 9 25 1 22 17 25 29 18 14 9 6 12 14 
27 26 12 28 30 22 23 10 5 15 7 8 24 19 14 25 13 23 19 4 3 10 19 15 23 23 6 11 2 8 17 17 22 2 28 16 4 24 18 999999 1 1 26 9 11 1 3 13 17 19 23 20 27 3 23 21 1 15 14 10 18 29 17 23 7 21 16 15 8 10 24 20 16 18 18 30 4 29 30 7 19 5 18 1 21 4 5 11 1 30 27 30 21 26 1 4 17 16 18 8 
21 23 5 26 4 4 28 4 16 25 4 10 25 28 4 17 12 9 4 28 14 8 10 22 24 26 7 9 23 8 1 12 28 29 17 19 11 21 3 1 999999 13 10 5 19 25 20 11 12 12 25 9 1 19 6 20 23 12 11 12 19 23 11 22 3 21 29 30 23 29 13 12 8 11 11 27 6 11 23 17 5 8 7 13 18 24 5 1 29 27 11 17 19 21 14 18 16 14 30 4 
20 28 16 3 30 10 22 8 30 12 1 14 4 11 14 29 11 26 3 1 15 11 17 14 16 2 1 11 21 21 21 24 30 2 3 29 28 3 7 1 13 999999 26 4 9 4 2 20 1 10 1 5 19 24 15 3 13 2 30 4 18 10 8 30 27 1 2 16 8 27 25 20 25 27 8 26 10 5 24 9 3 8 3 13 11 8 24 28 10 21 1 23 14 18 5 2 5 26 15 28 
2 4 10 19 10 11 2 8 20 11 10 16 9 8 17 24 9 11 19 14 2 18 9 13 19 14 22 21 16 24 17 6 11 13 1 12 9 25 21 26 10 26 999999 6 25 16 10 8 4 26 20 24 23 22 1 22 1 2 21 5 15 22 29 30 18 19 7 22 15 12 2 22 5 1 13 22 25 13 21 2 9 12 16 18 10 29 24 18 1 2 12 9 2 28 17 21 24 25 20 30 
17 9 23 29 4 28 16 5 30 19 24 3 3 6 25 3 16 27 16 13 2 17 30 1 28 27 10 24 6 11 11 24 26 1 4 30 7 14 9 9 5 4 6 999999 21 20 12 21 5 8 29 18 20 20 5 15 1 21 2 25 20 1 4 8 18 2 10 23 18 15 26 2 19 18 29 20 20 11 5 27 5 5 20 1 5 19 25 15 24 20 4 25 11 27 20 26 5 4 7 15 
20 29 27 26 13 26 18 12 24 9 28 23 29 24 6 24 11 20 20 4 13 16 22 9 27 6 13 23 16 20 17 23 3 9 29 6 15 10 24 11 19 9 25 21 999999 6 2 14 11 30 14 14 18 3 13 8 29 27 26 12 8 13 5 23 5 11 16 4 21 5 5 24 8 7 19 2 6 18 20 13 29 27 7 5 23 6 27 15 1 29 23 1 2 14 28 15 14 13 21 17 
25 20 30 25 1 12 12 13 20 7 23 9 6 16 3 5 10 14 12 9 18 23 2 14 29 21 9 10 12 13 8 4 11 11 15 10 18 15 24 1 25 4 16 20 6 999999 29 3 20 11 29 29 12 8 21 8 30 19 16 23 26 3 1 20 14 11 11 16 1 25 14 14 15 14 27 27 26 24 14 16 18 20 20 17 26 12 10 11 13 5 23 7 3 1 25 22 2 16 1 6 
13 14 22 23 5 28 12 16 5 15 28 14 19 12 18 12 4 16 11 13 17 23 22 22 16 30 24 18 29 28 17 3 10 14 13 30 4 2 25 3 20 2 10 12 2 29 999999 8 20 10 24 15 11 1 19 21 8 6 18 29 10 13 4 10 29 5 3 16 15 2 29 13 29 16 20 1 11 9 22 30 1 24 1 4 8 12 3 5 21 3 29 8 13 3 23 2 26 16 21 30 
24 1 25 30 24 23 14 18 20 19 2 4 28 3 3 12 15 13 6 11 20 25 4 23 30 9 29 18 17 21 11 14 15 26 16 28 17 24 11 13 11 20 8 21 14 3 8 999999 30 13 9 23 30 16 28 10 19 24 14 21 28 30 4 14 28 11 5 24 21 27 24 28 29 20 13 2 7 18 21 23 5 20 3 26 3 20 5 15 15 12 23 27 30 12 30 2 12 1 7 6 
5 1 30 28 16 28 29 4 29 3 12 23 28 23 21 27 2 4 13 3 12 8 20 19 11 7 13 4 26 20 13 12 2 15 1 30 21 25 17 17 12 1 4 5 11 20 20 30 999999 25 11 13 16 21 10 23 19 3 27 15 29 12 7 20 1 14 20 11 5 2 26 1 26 12 11 28 21 10 7 4 21 3 22 29 24 6 14 30 6 7 6 23 17 17 5 20 17 30 13 2 
9 24 10 23 5 12 3 3 9 30 10 11 27 5 14 12 22 13 6 26 9 13 5 2 7 1 23 27 22 24 7 4 6 2 4 29 4 13 2 19 12 10 26 8 30 11 10 13 25 999999 24 28 30 28 11 17 19 14 22 3 29 29 5 26 28 5 27 30 21 6 11 29 22 7 5 30 14 21 17 13 27 21 4 9 24 11 28 18 30 26 22 18 11 14 11 22 3 18 7 17 
30 10 18 25 11 21 27 6 3 26 23 16 13 19 8 19 2 8 19 27 16 18 17 24 21 21 29 25 20 16 29 27 8 7 18 8 13 19 5 23 25 1 20 29 14 29 24 9 11 24 999999 10 12 29 7 7 23 12 28 16 22 11 26 1 13 12 11 23 17 10 3 2 6 12 10 26 22 17 22 19 17 9 12 27 22 16 22 6 8 22 21 1 18 1 18 16 20 1 14 25 
19 14 28 24 15 18 25 13 23 22 1 28 12 11 27 10 19 30 24 14 20 24 24 7 22 17 7 6 8 7 17 20 19 30 19 24 1 3 25 20 9 5 24 18 14 29 15 23 13 28 10 999999 7 11 11 10 1 27 9 19 6 2 26 12 21 21 3 20 14 4 4 19 12 25 19 24 17 14 25 1 17 26 17 4 5 28 20 27 7 21 6 8 5 15 13 13 11 19 4 21 
28 16 9 28 9 16 17 9 15 1 10 3 15 17 7 15 12 7 7 24 25 1 16 4 8 29 9 22 2 19 1 26 6 19 10 7 23 13 9 27 1 19 23 20 18 12 11 30 16 30 12 7 999999 13 11 29 2 9 1 21 11 8 23 10 11 19 29 28 14 20 28 13 9 6 6 19 4 8 24 19 29 29 5 11 9 2 26 11 15 10 4 6 26 4 20 10 3 22 6 4 
30 11 5 25 28 17 15 28 19 9 28 16 1 3 5 20 26 5 27 1 15 2 13 6 30 18 25 18 10 14 4 8 20 4 30 1 5 2 16 3 19 24 22 20 3 8 1 16 21 28 29 11 13 999999 13 1 5 22 7 29 24 16 23 1 18 16 3 12 27 11 18 12 28 1 10 4 15 18 16 15 20 6 18 2 29 25 12 4 27 21 18 27 16 25 19 4 27 2 27 17 
11 26 23 17 26 27 9 29 21 15 12 10 23 15 30 22 21 16 7 25 8 19 6 17 29 19 25 15 8 1 9 15 14 27 4 12 11 26 24 23 6 15 1 5 13 21 19 28 10 11 7 11 11 13 999999 19 2 1 24 11 19 26 18 7 13 10 28 9 18 3 20 26 18 4 23 5 23 18 21 21 24 7 7 3 8 10 11 25 24 15 9 25 12 17 24 2 3 12 6 29 
25 30 2 2 30 25 12 19 7 12 28 17 24 30 29 17 12 9 2 7 30 10 20 26 30 24 12 5 24 27 27 25 30 10 6 27 16 16 5 21 20 3 22 15 8 8 21 10 23 17 7 10 29 1 19 999999 23 22 6 13 28 24 10 19 25 13 1 8 23 11 26 14 24 18 11 22 5 16 17 16 30 1 18 6 19 11 10 4 18 24 30 5 2 3 4 6 25 13 19 8 
3 7 8 21 23 14 2 20 30 30 19 29 9 22 13 27 29 11 9 4 30 16 6 18 28 22 7 14 27 8 29 3 26 24 18 13 28 21 14 1 23 13 1 1 29 30 8 19 19 19 23 1 2 5 2 23 999999 11 20 4 24 10 26 12 16 26 15 27 13 10 22 14 29 19 13 20 10 29 13 19 29 18 13 7 7 14 15 23 15 16 27 9 11 5 24 5 2 30 19 6 
17 2 29 24 17 13 26 27 1 7 20 22 11 19 22 14 7 7 8 2 18 2 11 12 20 6 5 6 14 29 14 27 29 14 4 23 15 25 10 15 12 2 2 21 27 19 6 24 3 14 12 27 9 22 1 22 11 999999 18 26 26 7 27 9 28 11 27 3 3 15 2 4 7 18 11 13 18 13 10 19 1 14 23 20 30 3 2 2 30 3 12 24 6 19 10 26 18 28 1 13 
15 13 22 9 4 13 19 22 12 9 23 21 9 29 26 2 10 27 19 25 21 9 11 30 25 8 24 1 24 13 9 9 2 25 26 17 23 9 25 14 11 30 21 2 26 16 18 14 27 22 28 9 1 7 24 6 20 18 999999 15 6 7 24 14 25 28 6 14 1 2 7 25 12 13 7 19 18 19 9 7 5 20 22 10 20 25 23 13 2 9 28 22 20 24 25 18 26 13 11 10 
28 7 28 21 2 26 24 15 18 6 30 6 7 16 27 19 15 6 1 4 27 24 13 11 9 17 24 15 13 16 24 15 29 1 14 7 28 19 5 10 12 4 5 25 12 23 29 21 15 3 16 19 21 29 11 13 4 26 15 999999 29 9 1 29 27 15 13 19 20 24 1 23 12 2 13 11 11 16 19 22 24 21 13 23 8 24 4 19 23 8 5 15 26 15 24 17 8 7 19 4 
1 4 29 9 6 24 29 13 19 10 6 24 18 1 11 30 26 6 14 16 25 20 18 24 25 15 12 15 25 21 23 12 15 19 17 8 29 30 23 18 19 18 15 20 8 26 10 28 29 29 22 6 11 24 19 28 24 26 6 29 999999 28 2 29 7 1 13 29 25 2 3 12 8 15 5 29 9 7 29 18 21 6 3 18 2 25 30 19 17 17 1 22 28 25 16 9 5 30 11 14 
9 14 23 5 26 27 2 15 24 16 14 23 1 12 12 21 7 17 14 10 4 24 14 12 4 28 16 20 9 28 13 20 6 28 8 23 16 12 6 29 23 10 22 1 13 3 13 30 12 29 11 2 8 16 26 24 10 7 7 9 28 999999 21 30 8 3 6 14 25 22 3 3 27 23 28 22 5 25 14 13 3 11 14 8 5 16 30 25 17 19 10 10 30 3 8 28 1 7 29 10 
29 7 27 4 4 1 7 19 27 8 28 2 6 13 16 7 19 2 23 3 7 29 3 19 15 23 22 23 26 1 5 8 1 10 15 2 22 2 23 17 11 8 29 4 5 1 4 4 7 5 26 26 23 23 18 10 26 27 24 1 2 21 999999 17 18 8 17 17 21 29 7 27 22 5 25 30 22 18 21 21 28 10 24 23 28 11 28 11 6 29 20 18 15 2 11 11 5 19 13 30 
29 5 29 17 23 30 13 21 24 10 26 12 25 28 30 10 16 1 2 9 13 25 28 21 30 24 27 12 23 8 1 30 26 19 2 10 16 21 19 23 22 30 30 8 23 20 10 14 20 26 1 12 10 1 7 19 12 9 14 29 29 30 17 999999 10 3 3 6 10 27 22 30 17 2 12 16 25 5 24 1 17 9 22 25 4 12 18 3 25 24 8 16 12 17 9 13 19 19 6 11 
21 11 11 4 10 23 1 13 11 1 30 9 29 20 22 12 7 21 18 8 11 8 3 7 20 3 26 7 29 16 10 30 17 27 11 26 5 4 14 7 3 27 18 18 5 14 29 28 1 28 13 21 11 18 13 25 16 28 25 27 7 8 18 10 999999 5 14 27 13 29 16 7 28 14 5 6 22 2 5 7 2 29 18 4 18 27 15 17 30 23 26 4 21 19 3 3 3 8 3 20 
9 14 4 4 28 24 21 10 28 27 12 16 21 18 12 6 5 12 27 16 4 15 26 8 18 27 22 9 6 12 11 5 18 29 1 5 30 4 18 21 21 1 19 2 11 11 5 11 14 5 12 21 19 16 10 13 26 11 28 15 1 3 8 3 5 999999 29 12 28 1 3 26 6 25 22 11 12 3 3 3 19 28 16 6 2 16 11 24 19 18 20 19 14 18 7 28 29 20 8 2 
1 16 19 24 1 16 30 10 16 29 1 9 4 13 8 1 3 11 18 18 22 21 21 16 11 13 17 16 1 6 6 4 3 19 30 15 29 12 13 16 29 2 7 10 16 11 3 5 20 27 11 3 29 3 28 1 15 27 6 13 13 6 17 3 14 29 999999 29 4 21 4 26 19 12 24 26 16 1 24 13 11 25 11 24 22 17 3 11 3 15 27 28 2 10 11 6 11 24 4 22 
14 1 12 14 7 10 16 21 7 2 18 8 11 27 2 21 22 27 8 27 5 4 30 20 17 22 24 28 24 25 22 7 29 26 12 4 14 20 21 15 30 16 22 23 4 16 16 24 11 30 23 20 28 12 9 8 27 3 14 19 29 14 17 6 27 12 29 999999 17 21 7 11 6 8 9 6 21 15 4 1 4 25 12 5 2 1 13 6 30 22 1 18 22 13 28 12 20 25 26 1 
21 23 6 18 8 29 12 5 25 24 25 22 22 10 19 5 3 7 28 26 28 11 29 21 28 1 29 5 27 30 25 20 30 29 17 18 29 19 5 8 23 8 15 18 21 1 15 21 5 21 17 14 14 27 18 23 13 3 1 20 25 25 21 10 13 28 4 17 999999 9 7 12 10 16 29 9 10 18 29 27 19 22 14 28 26 28 28 25 13 20 2 24 1 19 23 16 9 22 26 20 
27 26 10 2 1 28 6 23 3 28 12 29 11 20 1 30 4 13 5 11 13 4 4 26 20 16 12 12 3 29 9 3 27 14 21 23 5 3 7 10 29 27 12 15 5 25 2 27 2 6 10 4 20 11 3 11 10 15 2 24 2 22 29 27 29 1 21 21 9 999999 24 25 28 3 18 7 1 10 13 6 18 11 23 1 5 25 14 26 19 3 18 11 12 27 5 9 30 7 19 12 
20 4 13 5 7 8 15 6 6 18 13 4 10 21 8 24 19 2 11 18 23 27 21 23 26 19 14 11 13 29 22 2 13 20 6 8 29 8 6 24 13 25 2 26 5 14 29 24 26 11 3 4 28 18 20 26 22 2 7 1 3 3 7 22 16 3 4 7 7 24 999999 1 25 2 13 10 3 11 6 4 11 22 9 30 13 21 14 3 26 15 29 22 11 29 16 11 1 1 16 6 
27 6 5 3 5 3 27 5 2 6 25 2 4 19 25 25 5 2 19 3 9 13 18 25 1 9 20 2 21 22 4 10 16 19 15 23 21 27 12 20 12 20 22 2 24 14 13 28 1 29 2 19 13 12 26 14 14 4 25 23 12 3 27 30 7 26 26 11 12 25 1 999999 6 10 12 15 10 12 5 9 17 12 15 23 3 7 26 3 15 18 4 7 10 13 11 27 26 25 12 4 
8 8 6 6 3 2 21 20 28 28 14 12 30 3 29 21 13 26 12 13 12 8 29 12 19 22 17 21 25 10 14 25 23 9 30 8 4 10 20 16 8 25 5 19 8 15 29 29 26 22 6 12 9 28 18 24 29 7 12 12 8 27 22 17 28 6 19 6 10 28 25 6 999999 29 27 15 23 3 20 3 2 13 12 13 9 30 13 5 25 9 19 17 20 7 16 26 25 29 14 22 
1 28 4 13 27 17 30 2 3 4 13 15 24 23 9 29 8 23 14 19 27 17 14 24 2 2 17 15 14 28 2 23 21 4 11 19 6 23 11 18 11 27 1 18 7 14 16 20 12 7 12 25 6 1 4 18 19 18 13 2 15 23 5 2 14 25 12 8 16 3 2 10 29 999999 15 18 11 2 20 15 17 17 13 12 17 21 30 21 21 9 15 4 30 16 25 5 17 9 25 2 
11 21 29 30 14 29 4 22 3 11 4 3 1 21 29 25 18 8 5 18 7 13 9 4 27 24 19 28 10 20 28 10 9 18 19 24 11 28 14 18 11 8 13 29 19 27 20 13 11 5 10 19 6 10 23 11 13 11 7 13 5 28 25 12 5 22 24 9 29 18 13 12 27 15 999999 12 12 19 18 23 28 15 6 7 12 6 13 4 18 26 10 27 4 3 30 22 11 27 30 21 
27 30 23 21 16 7 7 22 26 1 4 5 28 28 29 4 8 18 16 11 5 18 2 26 3 27 17 4 9 28 24 14 19 2 6 3 12 1 5 30 27 26 22 20 2 27 1 2 28 30 26 24 19 4 5 22 20 13 19 11 29 22 30 16 6 11 26 6 9 7 10 15 15 18 12 999999 30 25 1 10 13 22 13 8 14 21 17 29 21 2 8 6 29 18 9 5 21 19 12 2 
26 19 15 29 8 17 24 14 13 2 9 21 19 10 13 29 22 30 13 30 2 28 5 25 13 6 13 24 15 27 24 26 24 8 26 11 30 28 29 4 6 10 25 20 6 26 11 7 21 14 22 17 4 15 23 5 10 18 18 11 9 5 22 25 22 12 16 21 10 1 3 10 23 11 12 30 999999 17 21 9 18 4 17 10 10 15 21 23 11 2 26 4 4 21 22 5 14 29 29 16 
20 30 17 24 2 3 24 5 17 10 14 17 19 5 14 11 3 27 22 8 21 23 22 19 30 10 16 8 1 23 22 3 7 15 8 1 9 27 12 29 11 5 13 11 18 24 9 18 10 21 17 14 8 18 18 16 29 13 19 16 7 25 18 5 2 3 1 15 18 10 11 12 3 2 19 25 17 999999 21 12 7 16 5 19 2 18 12 26 28 11 23 25 5 2 25 20 17 18 16 1 
3 30 14 20 21 9 23 16 15 17 8 12 8 6 20 18 18 12 20 16 18 22 17 16 17 27 10 4 27 3 17 17 3 20 13 29 19 9 13 30 23 24 21 5 20 14 22 21 7 17 22 25 24 16 21 17 13 10 9 19 29 14 21 24 5 3 24 4 29 13 6 5 20 20 18 1 21 21 999999 29 24 9 18 10 24 7 4 21 1 5 20 1 14 5 23 8 14 16 4 3 
7 12 28 30 4 29 7 22 3 7 20 7 22 14 22 5 6 17 9 22 18 17 28 8 27 28 30 5 10 12 22 3 6 26 24 2 29 7 16 7 17 9 2 27 13 16 30 23 4 13 19 1 19 15 21 16 19 19 7 22 18 13 21 1 7 3 13 1 27 6 4 9 3 15 23 10 9 12 29 999999 11 20 21 2 17 4 4 6 5 16 11 5 19 30 27 26 8 9 28 2 
12 28 23 22 30 6 11 21 10 28 15 27 1 2 19 14 20 3 1 9 7 30 14 7 25 12 8 27 9 4 9 11 28 10 22 28 13 17 29 19 5 3 9 5 29 18 1 5 21 27 17 17 29 20 24 30 29 1 5 24 21 3 28 17 2 19 11 4 19 18 11 17 2 17 28 13 18 7 24 11 999999 8 30 15 28 18 24 13 1 29 22 5 5 9 16 29 30 11 19 24 
4 8 7 16 5 27 23 1 10 7 10 6 18 20 23 23 3 28 18 26 24 29 16 4 15 28 18 24 4 3 13 19 5 17 30 4 18 27 5 5 8 8 12 5 27 20 24 20 3 21 9 26 29 6 7 1 18 14 20 21 6 11 10 9 29 28 25 25 22 11 22 12 13 17 15 22 4 16 9 20 8 999999 16 20 13 28 3 20 19 23 12 20 26 2 2 19 12 22 1 15 
2 6 21 19 5 10 29 24 24 24 30 15 14 22 27 24 23 9 2 23 22 22 4 1 9 22 1 13 16 1 30 29 13 24 21 11 7 11 29 18 7 3 16 20 7 20 1 3 22 4 12 17 5 18 7 18 13 23 22 13 3 14 24 22 18 16 11 12 14 23 9 15 12 13 6 13 17 5 18 21 30 16 999999 23 15 21 24 6 8 1 29 1 7 22 5 11 5 14 8 17 
23 3 12 27 1 19 28 24 4 10 22 5 30 7 27 16 1 12 2 18 21 25 12 24 28 18 18 2 8 8 29 27 29 7 24 24 14 18 24 1 13 13 18 1 5 17 4 26 29 9 27 4 11 2 3 6 7 20 10 23 18 8 23 25 4 6 24 5 28 1 30 23 13 12 7 8 10 19 10 2 15 20 23 999999 8 28 9 7 23 27 24 21 21 10 26 1 24 17 15 16 
23 14 30 7 15 27 13 25 10 11 23 12 15 23 21 27 2 8 29 5 21 17 27 4 1 4 27 16 4 26 28 27 24 2 14 11 19 21 24 21 18 11 10 5 23 26 8 3 24 24 22 5 9 29 8 19 7 30 20 8 2 5 28 4 18 2 22 2 26 5 13 3 9 17 12 14 10 2 24 17 28 13 15 8 999999 27 27 29 12 2 5 16 7 22 20 13 27 19 13 12 
18 1 12 9 7 30 2 13 8 6 6 27 19 3 8 5 15 9 11 3 13 4 12 9 16 16 27 3 10 12 2 8 20 10 9 15 30 3 19 4 24 8 29 19 6 12 12 20 6 11 16 28 2 25 10 11 14 3 25 24 25 16 11 12 27 16 17 1 28 25 21 7 30 21 6 21 15 18 7 4 18 28 21 28 27 999999 7 5 28 3 5 9 16 26 27 24 29 2 5 7 
11 14 3 26 26 22 27 28 29 23 5 14 3 12 22 7 7 20 6 27 17 20 8 23 21 19 17 14 3 19 10 17 4 5 13 17 3 14 28 5 5 24 24 25 27 10 3 5 14 28 22 20 26 12 11 10 15 2 23 4 30 30 28 18 15 11 3 13 28 14 14 26 13 30 13 17 21 12 4 4 24 3 24 9 27 7 999999 17 19 12 9 7 30 7 28 5 8 21 9 20 
6 24 23 30 8 24 19 22 19 30 22 25 15 9 8 18 27 8 18 28 18 15 19 27 28 27 3 27 14 5 8 27 2 18 4 20 26 2 9 11 1 28 18 15 15 11 5 15 30 18 6 27 11 4 25 4 23 2 13 19 19 25 11 3 17 24 11 6 25 26 3 3 5 21 4 29 23 26 21 6 13 20 6 7 29 5 17 999999 18 28 7 9 26 20 1 11 27 14 22 8 
26 28 27 18 30 4 4 16 3 28 15 5 6 20 13 12 22 6 13 5 11 28 21 20 10 21 11 20 28 8 20 9 6 25 17 27 12 14 25 1 29 10 1 24 1 13 21 15 6 30 8 7 15 27 24 18 15 30 2 23 17 17 6 25 30 19 3 30 13 19 26 15 25 21 18 21 11 28 1 5 1 19 8 23 12 28 19 18 999999 12 15 29 7 17 22 23 26 10 2 21 
26 14 24 4 15 6 28 21 14 7 27 5 15 16 10 14 20 1 18 14 3 4 7 28 20 1 23 29 5 19 3 16 23 19 2 12 20 12 1 30 27 21 2 20 29 5 3 12 7 26 22 21 10 21 15 24 16 3 9 8 17 19 29 24 23 18 15 22 20 3 15 18 9 9 26 2 2 11 5 16 29 23 1 27 2 3 12 28 12 999999 3 23 14 22 25 11 30 6 9 30 
1 18 3 28 16 20 24 26 19 14 25 28 11 15 8 2 21 25 27 5 25 3 11 6 26 22 12 30 18 20 19 7 27 24 7 15 5 27 22 27 11 1 12 4 23 23 29 23 6 22 21 6 4 18 9 30 27 12 28 5 1 10 20 8 26 20 27 1 2 18 29 4 19 15 10 8 26 23 20 11 22 12 29 24 5 5 9 7 15 3 999999 19 26 10 8 1 3 22 5 13 
14 18 9 29 2 16 17 13 24 22 1 6 23 5 22 15 1 29 21 16 29 1 3 22 7 10 10 15 29 3 27 30 3 4 18 10 2 7 17 30 17 23 9 25 1 7 8 27 23 18 1 8 6 27 25 5 9 24 22 15 22 10 18 16 4 19 28 18 24 11 22 7 17 4 27 6 4 25 1 5 5 20 1 21 16 9 7 9 29 23 19 999999 17 15 10 6 1 6 23 24 
12 27 6 14 5 19 3 30 2 9 7 27 24 26 18 1 20 23 5 16 11 18 7 22 23 5 25 8 21 11 27 1 19 10 4 10 7 1 25 21 19 14 2 11 2 3 13 30 17 11 18 5 26 16 12 2 11 6 20 26 28 30 15 12 21 14 2 22 1 12 11 10 20 30 4 29 4 5 14 19 5 26 7 21 7 16 30 26 7 14 26 17 999999 17 30 23 30 11 12 19 
24 1 29 3 26 7 24 27 22 16 14 20 21 26 6 18 3 9 27 8 30 11 8 17 9 14 30 29 4 12 13 7 5 24 3 30 24 7 29 26 21 18 28 27 14 1 3 12 17 14 1 15 4 25 17 3 5 19 24 15 25 3 2 17 19 18 10 13 19 27 29 13 7 16 3 18 21 2 5 30 9 2 22 10 22 26 7 20 17 22 10 15 17 999999 28 17 22 1 27 2 
11 10 26 15 24 3 3 27 25 13 29 4 8 7 24 3 3 18 19 30 14 12 19 7 6 30 23 27 7 16 27 27 12 30 30 26 13 19 18 1 14 5 17 20 28 25 23 30 5 11 18 13 20 19 24 4 24 10 25 24 16 8 11 9 3 7 11 28 23 5 16 11 16 25 30 9 22 25 23 27 16 2 5 26 20 27 28 1 22 25 8 10 30 28 999999 25 5 10 18 12 
13 25 6 22 4 5 5 23 25 22 28 8 15 17 5 22 14 13 15 10 3 30 1 18 7 20 9 30 20 7 21 21 3 6 4 25 26 29 14 4 18 2 21 26 15 22 2 2 20 22 16 13 10 4 2 6 5 26 18 17 9 28 11 13 3 28 6 12 16 9 11 27 26 5 22 5 5 20 8 26 29 19 11 1 13 24 5 11 23 11 1 6 23 17 25 999999 8 3 16 19 
12 25 21 15 7 2 23 24 23 2 5 3 6 17 6 28 19 26 14 25 2 26 7 2 24 11 20 24 30 8 7 26 16 20 21 10 27 12 9 17 16 5 24 5 14 2 26 12 17 3 20 11 3 27 3 25 2 18 26 8 5 1 5 19 3 29 11 20 9 30 1 26 25 17 11 21 14 17 14 8 30 12 5 24 27 29 8 27 26 30 3 1 30 22 5 8 999999 2 10 3 
15 8 4 17 2 19 13 22 15 21 2 22 17 19 21 11 2 11 10 14 11 27 23 7 4 19 10 30 17 16 29 30 5 29 1 21 1 14 6 16 14 26 25 4 13 16 16 1 30 18 1 19 22 2 12 13 30 28 13 7 30 7 19 19 8 20 24 25 22 7 1 25 29 9 27 19 29 18 16 9 11 22 14 17 19 2 21 14 10 6 22 6 11 1 10 3 2 999999 14 17 
25 18 30 30 26 11 13 9 30 26 7 23 20 4 12 5 30 14 15 24 6 2 18 13 5 8 4 16 20 16 16 11 16 21 13 27 12 6 12 18 30 15 20 7 21 1 21 7 13 7 14 4 6 27 6 19 19 1 11 19 11 29 13 6 3 8 4 26 26 19 16 12 14 25 30 12 29 16 4 28 19 1 8 15 13 5 9 22 2 9 5 23 12 27 18 16 10 14 999999 5 
23 13 16 10 22 12 28 15 23 11 14 29 5 30 23 7 11 2 5 5 5 10 20 5 16 17 11 20 5 7 15 20 14 25 27 18 21 23 14 8 4 28 30 15 17 6 30 6 2 17 25 21 4 17 29 8 6 13 10 4 14 10 30 11 20 2 22 1 20 12 6 4 22 2 21 2 16 1 3 2 24 15 17 16 12 7 20 8 21 30 13 24 19 2 12 19 3 17 5 999999 
